fvm::laplacian(DT, T): 
	Lower
47
(
4e-07
4e-07
4e-07
4e-07
4e-07
4e-07
4e-07
4e-07
4e-07
4e-07
4e-07
4e-07
4e-07
4e-07
4e-07
4e-07
4e-07
4e-07
4e-07
4e-07
4e-07
4e-07
4e-07
4e-07
4e-07
4e-07
4e-07
4e-07
4e-07
4e-07
4e-07
4e-07
4e-07
4e-07
4e-07
4e-07
4e-07
4e-07
4e-07
4e-07
4e-07
4e-07
4e-07
4e-07
4e-07
4e-07
4e-07
)

	Diagonal
30
(
-8e-07			//0
-1.2e-06
-1.2e-06
-1.2e-06
-1.2e-06
-1.2e-06		//5
-1.2e-06
-1.2e-06
-1.2e-06
-8e-07			//9
-1.2e-06		//10
-1.6e-06
-1.6e-06		//12
-1.6e-06
-1.6e-06
-1.6e-06
-1.6e-06
-1.6e-06
-1.6e-06
-1.2e-06		//19
-8e-07
-1.2e-06
-1.2e-06
-1.2e-06
-1.2e-06
-1.2e-06
-1.2e-06
-1.2e-06
-1.2e-06
-8e-07
)

	Upper
47
(
4e-07
4e-07
4e-07
4e-07
4e-07
4e-07
4e-07
4e-07
4e-07
4e-07
4e-07
4e-07
4e-07
4e-07
4e-07
4e-07
4e-07
4e-07
4e-07
4e-07
4e-07
4e-07
4e-07
4e-07
4e-07
4e-07
4e-07
4e-07
4e-07
4e-07
4e-07
4e-07
4e-07
4e-07
4e-07
4e-07
4e-07
4e-07
4e-07
4e-07
4e-07
4e-07
4e-07
4e-07
4e-07
4e-07
4e-07
)

	internalCoeffs
5
(
3(-8e-07 -8e-07 -8e-07)
3(-8e-07 -8e-07 -8e-07)
10{0}
10{0}
0()
)

	boundaryCoeffs
5
(
3(-0.0002184 -0.0002184 -0.0002184)
3(-0.0004584 -0.0004584 -0.0004584)
10{-0}
10{-0}
0()
)

	Source
30
(
0
1.20371e-36
-1.20371e-36
-1.20371e-36
1.20371e-36
1.20371e-36
1.67048e-52
-1.20371e-36
2.40741e-36
-1.66533e-19
0
0
0
0
0
0
0
0
0
1.66533e-19
0
0
0
0
0
0
0
0
0
0
)
