0   -1.48
0.07162021706828403 -1.482379239142269
0.2488082056649068 -1.4607553429848177
0.42839037766424903 -1.4730441338871127
0.6102470238961737 -1.517549977496167
0.7916008916135282 -1.554934156822675
0.9716379584593868 -1.5736663582663222
1.1517707926413543 -1.593755067192359
1.3315923829809675 -1.609435126800629
1.5099056377768694 -1.6037501935612584
1.6881470670706884 -1.5970478797100958
1.8667715657089428 -1.5957715957884924
2.045108762338871 -1.5904257894197191
2.2231586569604724 -1.581010460603777
2.401878922934836 -1.5810906841645633
2.579761224718247 -1.569301467254439
2.7581223631822027 -1.5642947877562632
2.9356215956211784 -1.5470795409165792
3.1131687117282087 -1.5305425478180896
3.289303259627636 -1.4939970693543496
3.465262234077529 -1.4549646605062283
3.6434398184806094 -1.4473580083334727
3.82158548043832 -1.43929918699992
3.999826909732139 -1.432596873148757
4.178547175706503 -1.4326770967095437
4.357267441680865 -1.43275732027033
4.535987707655229 -1.4328375438311167
4.714707973629592 -1.4329177673919031
4.893595832442146 -1.4353718790468717
5.073201946275513 -1.4479997968197647
5.251922212249878 -1.448080020380551
5.430786129228404 -1.4501950051649222
5.609626104372903 -1.4519708630786963
5.7883463703472655 -1.4520510866394827
5.96706663632163 -1.4521313102002693
6.145786902295993 -1.4522115337610557
6.3244353427682745 -1.45127437671005
6.503514736253044 -1.4564415033297984
6.683958814277365 -1.4809388615736019
6.864283183131552 -1.5037405854644188
7.043458343952431 -1.5102642195665577
7.222322260930956 -1.5123792043509288
7.401114352407402 -1.5134768085235075
7.5806246989046615 -1.5247482188140102
7.76032658007414 -1.5387326440692926
7.939884810239454 -1.5506823081009906
8.117767112022864 -1.5388930911908658
8.295146635291704 -1.5199822099981941
8.472789518734846 -1.5048017243820948
8.650001449165497 -1.483516955095241
8.826782426583655 -1.4561279021376328
9.003707055005979 -1.430773610403609
9.181397822117173 -1.4162713785287049
9.358928977001518 -1.3995083008498173
9.536683589003452 -1.3859104072965063
9.714158879608402 -1.3683560335862242
9.892304541566112 -1.3602972122526715
10.070162901515495 -1.3481688684719493
10.24871557465167 -1.3458752039385535
10.427435840626032 -1.3459554274993402
10.605397948522867 -1.3352966334912066
10.783822931877562 -1.3311942923146245
10.962806558026223 -1.3350049114519833
11.141526824000586 -1.3350851350127697
11.320247089974952 -1.3351653585735563
11.498967355949315 -1.3352455821343427
11.677567912753542 -1.333630171342142
11.856144527723739 -1.3316756336793436
12.034840851864075 -1.3314167303695328
12.212866804651654 -1.3216622746829927
12.391251884949636 -1.3169947220554146
12.569972150923999 -1.317074945616201
12.749147311744878 -1.3235985797183396
12.928466123569919 -1.3321569750440625
13.107186389544282 -1.3322371986048491
13.285930597352671 -1.332656549036233
13.46395655014025 -1.3229020933496929
13.641623375417414 -1.308060734604191
13.819585483314249 -1.297401940596058
13.997244327980074 -1.2824475395603567
14.175294222601675 -1.273032210744414
14.353272291721193 -1.262599501316679
14.531394011844878 -1.2542015531125292
14.709372080964396 -1.243768843684794
14.888068405104733 -1.243509940374983
15.06743510059783 -1.2527465894419012
15.247448225609666 -1.2711396640149508
15.427197990447198 -1.2858023430114283
15.607163231790974 -1.303517163843283
15.786841171126422 -1.317162462227968
15.965657204436894 -1.3185991932711445
16.144377470411257 -1.318679416831931
16.32309773638562 -1.3187596403927175
16.501458874849575 -1.313752960894542
16.678423406328612 -1.2889638806115145
16.85545178269839 -1.2650791386500801
17.032256701950576 -1.2380292125630692
17.209348923211092 -1.215048808923228
17.386584795475766 -1.1941031665069717
17.564012202412663 -1.175870539055495
17.74122413284331 -1.1545857697686412
17.918555772444098 -1.1349966348347749
18.095624051870583 -1.1116771043243363
18.271543123263765 -1.0720794840252192
18.447597865049765 -1.034403582659488
18.623437130329528 -0.9936755394583794
18.799396104779422 -0.9546431306102581
18.975722187351064 -0.9208106671112983
19.15346083813031 -0.9069866889775886
19.331247372577614 -0.893840964585074
19.509345150867272 -0.8851038895103265
19.687107743480546 -0.8716190382472144
19.86487033609382 -0.8581341869841022
20.042872347047368 -0.8480406044269648
20.22063493966064 -0.8345557531638526
20.398740698561646 -0.8259317203793042
20.576495310563576 -0.812333826825993
20.754233961342827 -0.7985098486922833
20.932116263126236 -0.7867206317821585
21.109663379233268 -0.7701836386836691
21.287234437174323 -0.7539857724557775
21.46490126245149 -0.7391444137102754
21.643621528425854 -0.7392246372710618
21.822341794400216 -0.7393048608318484
22.00106206037458 -0.7393850843926348
22.179782326348946 -0.7394653079534215
22.35850259232331 -0.7395455315142079
22.53722285829767 -0.7396257550749943
22.715943124272034 -0.7397059786357809
22.894663390246397 -0.7397862021965673
23.0741258530756 -0.7503793587458754
23.253157362892317 -0.7548682316244288
23.43187762886668 -0.7549484551852153
23.61078942951326 -0.7577416937107817
23.78991670666609 -0.7635870740717248
23.968062368623798 -0.7555282527381724
24.146758692764134 -0.7552693494283613
24.325478958738497 -0.7553495729891477
24.504015670651984 -0.7528298238753539
24.681889991824054 -0.7409275646750297
24.86058631596439 -0.7406686613652189
25.03942629110889 -0.7424445192789926
25.21908028861031 -0.7557506907930802
25.397992089256892 -0.7585439293186467
25.57544343802782 -0.7406504287377673
25.752056822607788 -0.710887487685977
25.92864626535373 -0.680785419763589
26.105403300937862 -0.6530572399353833
26.284219334248334 -0.6544939709785598
26.464016982753922 -0.6698349037162321
26.643575212919234 -0.68178456774793
26.822758354351457 -0.6884212441402673
27.00206918556516 -0.6968665971757912
27.180933102543683 -0.6989815819601628
27.358839346161126 -0.6875314919206352
27.535811858251503 -0.6628554539278066
27.71280831217591 -0.6385185428055757
27.889780824266285 -0.6138425048127472
28.06664160779787 -0.5875838747571309
28.243917383119257 -0.56720344379187
28.423379845948464 -0.5777966003411781
28.60300990161586 -0.5907636449846683
28.78242448077701 -0.6006785477927812
28.961671467099976 -0.6082195625067119
29.14039173307434 -0.6082997860674983
29.318952386821856 -0.6061191638243018
29.4962760458113 -0.5864169866002362
29.673519898687317 -0.5655843864741787
29.851106917851055 -0.5496126048266856
30.0309524500247 -0.5656317913055529
30.210917691368472 -0.5833466121374073
30.39038015419768 -0.5939397686867154
30.569635121131988 -0.6015938256908453
30.74669541994713 -0.5781612528902078
30.924003117713887 -0.5582329910857438
31.10143052465078 -0.5400003636342667
31.278953698923786 -0.5231242436651804
31.456548698698867 -0.5072655043078858
31.636154812532247 -0.5198934220807787
31.815856693701726 -0.5338778473360613
31.99519944736079 -0.5427753695323816
32.17389577150113 -0.5425164662225708
32.35208931712689 -0.535135898630213
32.53080958310125 -0.5352161221909997
32.70950590724159 -0.5349572188811886
32.887196674352786 -0.520454987006284
33.064416585394774 -0.4992832600096295
33.241692360716165 -0.47890282904436865
33.41862496974983 -0.45366157960054443
33.595374024722624 -0.42582035748213964
33.77201135113662 -0.39639654330094676
33.95003730392419 -0.38664208761440666
34.1279196057076 -0.37485287070428186
34.306424395175725 -0.3718809524296912
34.48605445084312 -0.3848479970731815
34.6663788196973 -0.407649720963998
34.86046185020481 -0.42808380794718737
35.02647689522305 -0.4454532507218897
35.20663367123905 -0.4658810865185241
35.386551028914774 -0.48291765360918393
35.56657213453794 -0.5014237704724327
35.7456674892454 -0.5068169816725796
35.92438775521976 -0.506897205233366
36.103108021194124 -0.5069774287941524
36.28182828716849 -0.507057652354939
36.46054855314285 -0.5071378759157255
36.63871815693459 -0.4994181814527705
36.81616950570551 -0.48152468087189093
36.993644796310456 -0.4639703071616095
37.171215854251514 -0.4477724409337176
37.34948920599071 -0.44152229624335115
37.52760294550304 -0.43301130574900204
37.70558101462257 -0.42257859632126715
37.883966094920545 -0.41791104369368914
38.06189628037201 -0.40680008052475913
38.23992223315959 -0.39704562483821926
38.41804395328327 -0.3886476766340691
38.59599808056877 -0.37787584033573673
38.77385644051815 -0.3657474965550145
38.95190633513975 -0.35633216773907195
39.129644985919 -0.3425081896053622
39.30747940403436 -0.33004071895404263
39.487300994373975 -0.34572077856231254
39.67080962715377 -0.41362637624259213
39.85001671042002 -0.42060217950552703
40.026646056222674 -0.3910653230341349
40.20333126630473 -0.3623197625941368
40.38066290590552 -0.3427306276602704
40.55856914952295 -0.33128053762074317
40.73719364816121 -0.33000425369913966
40.91591391413557 -0.3300844772599262
41.09429899443355 -0.32541692463234817
41.2723010053871 -0.31532334207521073
41.45102127136146 -0.31540356563599714
41.62897539864695 -0.3046317293376648
41.80740836261299 -0.3006424304512817
41.985601908238756 -0.29326186285892397
42.16361189980365 -0.2832813225919856
42.341462279141695 -0.2710399365210642
42.519703708435514 -0.26433762266990146
42.698567625414036 -0.2664526074542727
42.87735971689048 -0.26755021162685166
43.056079982864844 -0.2676304351876382
43.23480024883921 -0.2677106587484246
43.41330503830733 -0.26473874047383394
43.59236048995807 -0.269566740222985
43.77124834877062 -0.27202085187795366
43.95013620758318 -0.27447496353292244
44.12586374430414 -0.23216432826902578
44.30171099019524 -0.19154932735811647
44.48124527852652 -0.20315986451921664
44.66133022904044 -0.22257031970405872
44.841566811169855 -0.24412857840268454
45.02164378107243 -0.26342599129732747
45.20158508058218 -0.28080168525858484
45.381478496423874 -0.2974991254786471
45.56120431942738 -0.3118226776045271
45.740810433260755 -0.3244505953774197
45.92020107058788 -0.3340263713149354
46.0998550680893 -0.34733254282902304
46.27950906559072 -0.36063871434311057
46.45897152841993 -0.3712318708924186
46.638601584087326 -0.3841989155359087
46.8180401050825 -0.39445294521461916
46.99728709140546 -0.4019939599285499
47.17533698602706 -0.3925786311126074
47.35398542649935 -0.39164147406160144
47.53167619361054 -0.3771392421866969
47.70931907705368 -0.3619587565705975
47.88710561150098 -0.3488130321780829
48.06577799380729 -0.3482150019976745
48.24449825978165 -0.34829522555846093
48.42321852575601 -0.34837544911924745
48.601938791730376 -0.34845567268003397
48.78065905770474 -0.3485358962408205
48.9593793236791 -0.348616119801607
49.13809958965347 -0.3486963433623934
49.23558337109403 -0.34874010166827696
50 -0.34874010166827696