0           -2.47
0.4017025994420922 -2.4757985319379348
0.5809017020969991 -2.48266129291067
0.7612978964532657 -2.506480397413279
0.942244752992158 -2.53809941993963
1.1232394931991045 -2.5703966962071756
1.3042821170741048 -2.603372226215916
1.484893787936616 -2.630243472553903
1.6650026802845561 -2.6499930546093418
1.8431722840762932 -2.6422733601463864
2.021485538872195 -2.636588426907016
2.1996072589958775 -2.628190478702866
2.3777050372855344 -2.619453403628119
2.5554436880647824 -2.605629425494409
2.73301474600584 -2.589431559266517
2.9108491641211973 -2.576964088615197
3.088851175074745 -2.5668705060580597
3.2674756737129993 -2.5655942221364567
3.445693161172791 -2.558552781414696
3.6239106486325836 -2.551511340692936
3.8017690085819673 -2.539382996912214
3.9792921828549703 -2.5225068769431265
4.156959008132138 -2.507665518197625
4.334889193583604 -2.496554555028695
4.514208005408647 -2.5051129503544183
4.693694410071879 -2.5160452337743235
4.8738751279219015 -2.5368121964415553
5.054414973282332 -2.5626660621677497
5.234882993140679 -2.587502547282151
5.41336384077477 -2.5841915021369624
5.591581328234564 -2.5771500614152023
5.769631222856165 -2.5677347325992597
5.9475374664736025 -2.5562846425597328
6.125970430439639 -2.5522953436733493
6.3041639760654045 -2.544914776080992
6.482405405359224 -2.5382124622298288
6.661101729499561 -2.5379535589200177
6.84044448315863 -2.5468510811163387
7.020170306162135 -2.5611746332422185
7.199920070999666 -2.575837312238696
7.38060356736426 -2.6037259391884744
7.561382831064962 -2.6329710736206433
7.7414677815788755 -2.6523815288054853
7.91956555986853 -2.6436444537307375
8.097830930996377 -2.6372812667501724
8.275401988937436 -2.6210834005222807
8.452518152031978 -2.5984421237530366
8.629993442636927 -2.580887750042755
8.809384079964051 -2.590463525980271
8.989277495805744 -2.607160966200333
9.168141412784273 -2.6092759509847046
9.346095540069765 -2.5985041146863717
9.524097551023313 -2.5884105321292346
9.702219271146994 -2.5800125839250843
9.880771944283168 -2.5777189193916885
10.059947105104047 -2.584242553493827
10.23869131291244 -2.584661903925211
10.417818590065263 -2.5905072842861543
10.596969809052116 -2.5966917915176952
10.775546424022316 -2.594737253854897
10.953739969648083 -2.587356686262539
11.132268700950227 -2.584723894858546
11.310797432252372 -2.5820911034545526
11.48889521054203 -2.573354028379805
11.666801454159465 -2.561903938340278
11.84451616310469 -2.5477408333359706
12.022374523054072 -2.5356124895552483
12.200089231999293 -2.5214493845509414
12.377803940944514 -2.5072862795466344
12.555422882553628 -2.491766667059937
12.733065765996766 -2.476586181443838
12.910708649439904 -2.461405695827738
13.0881360563768 -2.4431730683762622
13.265467695977588 -2.423583933442395
13.442799335578371 -2.4039947985085286
13.620107033345132 -2.3840665367040645
13.797438672945916 -2.3644774017701984
13.97462666154254 -2.3428535056127475
14.151934359309298 -2.3229252438082835
14.329074464237866 -2.3006230939096373
14.506310336502544 -2.279677451493381
14.683546208767218 -2.258731809077124
14.861236975878416 -2.2442295772022196
15.040938857047895 -2.2582140024575024
15.220880156557644 -2.2755896964187596
15.400869339735447 -2.293643644121212
15.579565663875783 -2.2933847408114008
15.757854976837656 -2.2873606807014326
15.93607246429745 -2.280319239979673
16.114218126255157 -2.2722604186461197
16.29243561371495 -2.2652189779243597
16.470006671656012 -2.2490211116964676
16.645494790036704 -2.2033192077265964
16.82067166457504 -2.1532086544389584
16.99800330417583 -2.1336195195050918
17.179141695386935 -2.167951556996222
17.358987227560576 -2.1839707434750895
17.537755377202995 -2.1847292207770708
17.716068631998894 -2.179044287537701
17.891700401383748 -2.135377144791414
18.066661799415844 -2.0822144496683985
18.242676638145138 -2.043973336851671
18.41933790639316 -2.0148886495410756
18.59597523280716 -1.985464835359883
18.7723013153788 -1.951632371860923
18.948555572448363 -1.9167825277501702
19.12469012034779 -1.8802370492864302
19.301159853923597 -1.848439347011055
19.478659086362573 -1.8312241001713714
19.6567329228182 -1.8221478982260257
19.834758875605775 -1.812393442539486
20.0122102243767 -1.7944999419586067
20.18686037856644 -1.736928597517824
20.364958156856098 -1.7281915224430766
20.544300910515165 -1.7370890446393972
20.72172831745206 -1.7188564171879208
20.89783094290612 -1.6818587695633842
21.071914473690548 -1.6162614225184613
21.24647684115552 -1.5574466128854878
21.42372867464288 -1.5367270550496306
21.601020411186955 -1.5165727086647682
21.778224361006266 -1.4951748970877148
21.95591512811746 -1.4806726652128104
22.13389319723698 -1.4702399557850754
22.311919150024554 -1.4604855000985353
22.49028028848851 -1.45547882060036
22.66809076476984 -1.442672223078443
22.84590124105117 -1.4298656255565259
23.02359200816236 -1.4153633936816212
23.201258833439528 -1.4005220349361194
23.378949600550726 -1.3860198030612145
23.556592483993864 -1.370839317445115
23.73425930927103 -1.3559979586996131
23.911878250880143 -1.3404783462129164
24.089162006812874 -1.320210957537855
24.266445762745604 -1.2999435688627936
24.44377740234639 -1.280354433928927
24.6216597041298 -1.2685652170188024
24.80136158529928 -1.2825496422740847
24.98120711747292 -1.2985688287529522
25.160932940476428 -1.3128923808788322
25.34034751963758 -1.3228072836869451
25.519714215130676 -1.3320439327538633
25.698841492283503 -1.3378893131148066
25.877705409262028 -1.340004297899178
26.055875013053765 -1.3322846034362228
26.23251233946776 -1.3028607892550297
26.40905389854565 -1.272080467591447
26.585643341291593 -1.241978399669059
26.764219956261794 -1.2400238620062607
26.945557862756466 -1.2771819567523701
27.125491181654873 -1.2944446084234282
27.30186514789457 -1.261290398665663
27.478095463130106 -1.2261014276843132
27.654301836531612 -1.1905733298323655
27.83086733744353 -1.1601321350393803
28.007544566914238 -1.1312735323091834
28.177887278215895 -1.1047406835366962
28.362455245067423 -1.095599573437624
28.54208530073482 -1.1085666180811142
28.72195477474249 -1.1249249314305791
28.90165665591197 -1.1389093566858615
29.07985020153773 -1.131528789093504
29.256726946291998 -1.1054962436182854
29.433723400216408 -1.0811593324960544
29.610695912306788 -1.056483294503226
29.78833879574993 -1.0413028088871266
29.966221097533335 -1.029513591977002
30.144294933988967 -1.0204373900316568
30.32239271227862 -1.011700314956909
30.500259052839347 -0.9996850134663862
30.678684036194042 -0.9955826722898038
30.856973349155915 -0.9895586121798359
31.036076684474715 -0.9950648656701819
31.2150842524574 -0.999214611678138
31.394019994938013 -1.0023469770743016
31.57022636833952 -0.9668188792223542
31.746600334579213 -0.9336646694645891
31.923620730337646 -0.9096668852129557
32.10080871893427 -0.8880429890555042
32.278379776875326 -0.8718451228276125
32.45741128669204 -0.876333995706166
32.63637097100668 -0.8798054879729271
32.81561795732964 -0.8873465026868581
32.9824054290569 -0.8334679946100974
33.14808040356303 -0.7638313912795747
33.32739123477673 -0.7722767443150984
33.50627909358928 -0.7747308559700674
33.68121654978735 -0.7212290339764544
33.856896202840254 -0.6782401449713629
34.03609530549517 -0.6851029059440985
34.215581710158396 -0.696035189364004
34.395115998489686 -0.7076457265251044
34.575200949003595 -0.7270561817099463
34.755573201525834 -0.7505361593419579
34.93601727955016 -0.7750335175857619
35.115886753557824 -0.7913918309352266
35.29527739088495 -0.8009676068727423
35.47428495886764 -0.8051173528806983
35.653332429907046 -0.8098323103396503
35.83244374583718 -0.8154516061201953
36.01149919748793 -0.8202796058693462
36.190530707304646 -0.8247684787478999
36.36908338044082 -0.822474814214504
36.544084681529625 -0.7698773305424844
36.720706046720935 -0.740227431780893
36.900910706404986 -0.7613335213187222
37.08106748242098 -0.7817613571153568
37.260098992237694 -0.7862502299939103
37.438364363365544 -0.7798870430133449
37.61665367632742 -0.7738629829033772
37.79458386177888 -0.7627520197344471
37.972849232906725 -0.7563888327538819
38.15089912752833 -0.7469735039379393
38.32875748747771 -0.734845160157217
38.506520080090986 -0.721360308894105
38.684498149210505 -0.71092759946637
38.862332567325865 -0.6984601288150503
39.04038246194747 -0.6890447999991076
39.21855206573921 -0.6813251055361524
39.39763145922398 -0.686492232155901
39.579559930957984 -0.7320154563767478
39.75880691728094 -0.7395564710906788
39.93577942937132 -0.71488043309785
40.11294347613392 -0.6929174100698012
40.290346941236784 -0.6743456557477274
40.46897143987504 -0.6730693718261238
40.647691705849404 -0.6731495953869104
40.82641197182377 -0.6732298189476968
41.00491676129188 -0.6702579006731062
41.18272723757321 -0.657451303151189
41.36034617918232 -0.6419316906644921
41.53681591275813 -0.610133988389117
41.71163365978606 -0.5549365320425166
41.887800130130856 -0.5188432227395732
42.06639270632374 -0.5171147696571734
42.2451129722981 -0.5171949932179598
42.42383323827247 -0.5172752167787464
42.602553504246835 -0.5173554403395328
42.780411864196225 -0.5052270965588106
42.956306993755376 -0.4652903493890963
43.13186693763815 -0.42060582603101726
43.309509821081285 -0.40542534041491785
43.489929957271585 -0.42958357178812445
43.66908117625843 -0.4357680790196653
43.84780144223279 -0.4358483025804517
44.027383614232136 -0.4481370934827469
44.20749250658008 -0.4678866755381865
44.384752320678786 -0.44728015999252757
44.56095869408029 -0.41175206214058035
44.739104356038 -0.4036932408070275
44.918997771879695 -0.42039068102708976
45.0987235948832 -0.43471423315296986
45.28022111360472 -0.4741331737030623
45.462484771015106 -0.5244041741122738
45.64434141724703 -0.5689100177213282
45.8236841709061 -0.5778075399176488
46.00245232054852 -0.5785660172196301
46.181172586522884 -0.5786462407804167
46.35989285249725 -0.5787264643412031
46.538972245982016 -0.5838935909609517
46.71795587213068 -0.5877042100983103
46.8970831492835 -0.5935495904592536
47.076258310104386 -0.600073224561392
47.255074343414854 -0.6015099556045682
47.43379460938922 -0.6015901791653548
47.61251487536358 -0.6016704027261413
47.79135485050808 -0.6034462606399151
47.97115249901367 -0.6187871933775877
48.151165624025495 -0.6371802679506371
48.331130865369275 -0.654895088782492
48.511096106713055 -0.6726099096143467
48.69010367469574 -0.6767596556223026
48.868823940670104 -0.6768398791830892
49.02317326128433 -0.6769091631674047
50 -0.6769091631674047