TEqn: 
	Lower
47
(
-4e-07
-4e-07
-4e-07
-4e-07
-4e-07
-4e-07
-4e-07
-4e-07
-4e-07
-4e-07
-4e-07
-4e-07
-4e-07
-4e-07
-4e-07
-4e-07
-4e-07
-4e-07
-4e-07
-4e-07
-4e-07
-4e-07
-4e-07
-4e-07
-4e-07
-4e-07
-4e-07
-4e-07
-4e-07
-4e-07
-4e-07
-4e-07
-4e-07
-4e-07
-4e-07
-4e-07
-4e-07
-4e-07
-4e-07
-4e-07
-4e-07
-4e-07
-4e-07
-4e-07
-4e-07
-4e-07
-4e-07
)

	Diagonal
30
(
2.08e-05        //0
2.12e-05
2.12e-05
2.12e-05
2.12e-05
2.12e-05        //5
2.12e-05
2.12e-05
2.12e-05
2.08e-05        //9
2.12e-05        //10
2.16e-05
2.16e-05        //12
2.16e-05
2.16e-05
2.16e-05
2.16e-05
2.16e-05
2.16e-05
2.12e-05        //19
2.08e-05
2.12e-05
2.12e-05
2.12e-05
2.12e-05
2.12e-05
2.12e-05
2.12e-05
2.12e-05
2.08e-05
)

	Upper
47
(
-4e-07
-4e-07
-4e-07
-4e-07
-4e-07
-4e-07
-4e-07
-4e-07
-4e-07
-4e-07
-4e-07
-4e-07
-4e-07
-4e-07
-4e-07
-4e-07
-4e-07
-4e-07
-4e-07
-4e-07
-4e-07
-4e-07
-4e-07
-4e-07
-4e-07
-4e-07
-4e-07
-4e-07
-4e-07
-4e-07
-4e-07
-4e-07
-4e-07
-4e-07
-4e-07
-4e-07
-4e-07
-4e-07
-4e-07
-4e-07
-4e-07
-4e-07
-4e-07
-4e-07
-4e-07
-4e-07
-4e-07
)

	internalCoeffs
5
(
3(8e-07 8e-07 8e-07)
3(8e-07 8e-07 8e-07)
10{0}
10{0}
0()
)

	boundaryCoeffs
5
(
3(0.0002184 0.0002184 0.0002184)
3(0.0004584 0.0004584 0.0004584)
10{0}
10{0}
0()
)

	Source
30
(
0.00546
0.00546
0.00546
0.00546
0.00546
0.00546
0.00546
0.00546
0.00546
0.00546
0.00546
0.00546
0.00546
0.00546
0.00546
0.00546
0.00546
0.00546
0.00546
0.00546
0.00546
0.00546
0.00546
0.00546
0.00546
0.00546
0.00546
0.00546
0.00546
0.00546
)