fvm::ddt(T): 
	Lower47{0}
	Diagonal
30
(
2e-05
2e-05
2e-05
2e-05
2e-05
2e-05
2e-05
2e-05
2e-05
2e-05
2e-05
2e-05
2e-05
2e-05
2e-05
2e-05
2e-05
2e-05
2e-05
2e-05
2e-05
2e-05
2e-05
2e-05
2e-05
2e-05
2e-05
2e-05
2e-05
2e-05
)

	Upper47{0}
	internalCoeffs
5
(
3{0}
3{0}
10{0}
10{0}
0()
)

	boundaryCoeffs
5
(
3{0}
3{0}
10{0}
10{0}
0()
)

	Source
30
(
0.00546
0.00546
0.00546
0.00546
0.00546
0.00546
0.00546
0.00546
0.00546
0.00546
0.00546
0.00546
0.00546
0.00546
0.00546
0.00546
0.00546
0.00546
0.00546
0.00546
0.00546
0.00546
0.00546
0.00546
0.00546
0.00546
0.00546
0.00546
0.00546
0.00546
)